0
0
0
0
0
0
0
0
0
0
0
0
0
0
0
0
0
0
0
0
0
0
0
0
0
0
0
0
0
0
0
0
0
0
0
0
0
0
0
0
0
0
0
0
0
0
0
0
0
0
0
0
0
0
0
0
0
0
0
0
0
0
0
0
0
0
0
0
0
0
0
0
0
0
0
0
11
11
11
11
11
11
11
11
11
11
4
6
7
6
6
6
6
8
8
10
11
11
11
11
11
0
0
0
0
0
0
0
0
0
0
0
0
0
0
0
0
0
0
0
0
0
0
0
0
0
0
0
0
0
0
0
0
0
0
11
11
11
11
11
11
11
11
11
11
4
a
a
6
6
6
6
6
5
5
10
11
11
11
11
11
11
0
0
0
0
0
0
0
0
0
0
0
0
0
0
0
0
0
0
0
0
0
0
0
0
0
0
0
0
0
0
0
0
10
10
c
c
c
f
f
f
d
e
9
9
e
9
e
6
6
6
6
8
5
1
10
11
11
11
11
11
11
0
0
0
0
0
0
0
0
0
0
0
0
0
0
0
0
0
0
0
0
0
0
0
0
0
0
0
0
0
0
11
10
10
c
c
c
f
f
f
d
e
9
9
9
9
e
6
6
6
6
5
5
1
10
11
11
11
11
11
11
11
0
0
0
0
0
0
0
0
0
0
0
0
0
0
0
0
0
0
0
0
0
0
0
0
0
0
0
0
c
10
10
10
d
f
f
c
c
c
b
e
9
9
9
9
e
6
6
5
5
1
1
10
10
10
10
11
11
11
11
11
11
0
0
0
0
0
0
0
0
0
0
0
0
0
0
0
0
0
0
0
0
0
0
c
c
c
c
c
c
10
10
10
d
f
c
c
c
c
b
e
9
9
e
e
e
8
6
5
8
1
1
10
10
10
10
10
11
11
11
11
11
11
0
0
0
0
0
0
0
1
1
1
0
0
0
0
0
0
0
0
c
c
c
c
c
c
c
c
c
10
10
10
2
2
1
10
10
10
e
9
e
e
9
9
e
e
8
8
5
1
1
10
10
3
1
1
1
1
1
1
1
1
1
1
1
1
1
1
1
1
1
1
1
1
1
0
0
0
0
0
c
c
c
c
c
c
c
c
c
10
10
10
3
1
1
10
10
10
10
e
e
e
e
e
e
e
8
8
5
1
3
10
10
3
1
1
1
1
1
1
1
1
1
1
1
1
1
1
1
1
1
1
1
1
1
0
0
0
0
0
0
0
0
0
0
0
0
0
0
0
11
11
11
11
11
11
11
11
11
11
11
11
11
11
11
11
11
11
11
11
11
11
11
11
11
11
11
11
11
11
11
0
0
0
0
0
0
0
0
0
0
0
0
0
0
0
